0 0.1886875 0.25516355140186914 0.24093749999999997 0.37794392523364484
0 0.769421875 0.26876168224299063 0.149640625 0.23392523364485981
0 0.641828125 0.2736682242990654 0.178484375 0.2747429906542056
1 0.47645312500000003 0.03315420560747664 0.071546875 0.06628504672897197
0 0.45367187500000006 0.39829439252336446 0.20842187499999998 0.2942523364485981
2 0.7681250000000001 0.561892523364486 0.14725 0.387803738317757
2 0.6450781250000001 0.588177570093458 0.1771875 0.3741588785046729
2 0.20234375 0.7000700934579439 0.29684374999999996 0.5274299065420561
2 0.45821875 0.7575934579439252 0.22014062499999998 0.44822429906542055
2 0.7525000000000001 0.09156542056074767 0.0743125 0.14420560747663552
2 0.47450000000000003 0.16752336448598132 0.08340625 0.21434579439252335
2 0.8456093750000001 0.18116822429906543 0.125109375 0.30392523364485985