1 0.5231801470588235 0.3195277777777778 0.06501838235294118 0.12427777777777778
2 0.5924264705882353 0.4473333333333333 0.09306985294117648 0.25766666666666665
2 0.2210845588235294 0.4482777777777778 0.17643382352941178 0.27802777777777776
2 0.37488970588235293 0.4593888888888889 0.19481617647058824 0.27802777777777776
2 0.525625 0.4853055555555556 0.13106617647058824 0.22619444444444448
2 0.6916911764705882 0.4853055555555556 0.15433823529411764 0.2891666666666666
2 0.09705882352941175 0.5760000000000001 0.19409926470588235 0.4813055555555556
0 0.060275735294117644 0.22972222222222222 0.12056985294117648 0.2594444444444445
0 0.21862132352941177 0.23988888888888887 0.0759375 0.165
0 0.3993933823529412 0.25194444444444447 0.07224264705882352 0.17425
0 0.6892279411764706 0.25194444444444447 0.10775735294117647 0.17794444444444446
0 0.5691360294117648 0.2575 0.05630514705882353 0.11869444444444444