0 0.78496 0.35528 0.03792 0.08389333333333333
0 0.42344 0.362 0.05136 0.09544
0 0.11914 0.3648533333333333 0.0428 0.08973333333333333
0 0.82638 0.36672000000000005 0.054939999999999996 0.09722666666666667
0 0.22844 0.3696266666666667 0.04994 0.08021333333333333
0 0.7317400000000001 0.38386666666666663 0.04852 0.06866666666666667
0 0.526 0.39005333333333336 0.0471 0.08677333333333333
0 0.64744 0.3914666666666667 0.04424 0.08770666666666667
3 0.23714 0.4685066666666667 0.09812 0.13018666666666667
3 0.39912000000000003 0.47376 0.12440000000000001 0.16154666666666667
2 0.12012 0.48277333333333333 0.1205 0.14693333333333333
3 0.72312 0.4882133333333334 0.07152 0.14786666666666667
3 0.83054 0.49824 0.1262 0.17741333333333334
3 0.52996 0.4984 0.1039 0.15805333333333335
2 0.64658 0.5121600000000001 0.10832 0.16861333333333334