0 0.49689999999999995 0.436425 0.047683333333333335 0.09105
0 0.5927333333333333 0.492125 0.03025 0.056975
0 0.6544833333333333 0.49439999999999995 0.02495 0.052425
0 0.7037333333333333 0.5091749999999999 0.02341666666666667 0.043324999999999995
0 0.7431333333333333 0.521675 0.02051666666666667 0.0388
0 0.7707833333333334 0.5222249999999999 0.015216666666666668 0.030825
0 0.7893333333333333 0.531325 0.01735 0.033125
3 0.7966333333333334 0.5634 0.02716666666666667 0.046799999999999994
3 0.75025 0.5652750000000001 0.043000000000000003 0.06805
3 0.7087833333333333 0.5661 0.04703333333333333 0.087225
3 0.4942833333333333 0.566275 0.1275 0.17565
3 0.6559333333333334 0.56655 0.059949999999999996 0.101825
3 0.5916333333333333 0.573825 0.06663333333333332 0.1043