0 0.52926 0.3668562874251497 0.05008 0.10125748502994011
0 0.28612 0.3677844311377246 0.11370000000000001 0.1925748502994012
0 0.63802 0.4183233532934132 0.09242 0.16637724550898203
0 0.41614 0.44359281437125747 0.08868000000000001 0.15700598802395208
0 0.90116 0.44733532934131737 0.07114 0.13122754491017963
0 0.7299 0.4520059880239521 0.07366 0.13640718562874252
2 0.50488 0.5212874251497006 0.10382 0.21922155688622755
2 0.2405 0.6045808383233533 0.17756 0.3708682634730539
2 0.73866 0.618622754491018 0.15618 0.2604191616766467
2 0.61426 0.6223353293413174 0.15259999999999999 0.31281437125748507
2 0.8993 0.6523053892215569 0.1724 0.29035928143712575
2 0.41925999999999997 0.6653892215568863 0.17493999999999998 0.29038922155688623