0 0.47302500000000003 0.41616236162361625 0.077425 0.16073800738007382
0 0.60615 0.49738007380073795 0.156175 0.2936531365313653
2 0.1184 0.5656457564575645 0.23677499999999999 0.3822509225092251
2 0.466775 0.5665682656826568 0.145075 0.177380073800738
2 0.940875 0.5961254612546126 0.118275 0.42099630996309967
2 0.281125 0.6006642066420664 0.2912 0.4481180811808118
2 0.798975 0.6892619926199262 0.317025 0.43394833948339484
0 0.781775 0.7326568265682657 0.1549 0.22173431734317345
2 0.7548999999999999 0.9308118081180812 0.448675 0.13837638376383765
0 0.9677500000000001 0.27317343173431735 0.064525 0.2991143911439115
0 0.323625 0.2970848708487085 0.1487 0.2877121771217712
0 0.1905 0.30822878228782286 0.10005000000000001 0.19575645756457563
0 0.933025 0.3248339483394834 0.077625 0.1736162361623616