0 0.9162769230769231 0.3082488479262673 0.04895384615384615 0.09518433179723503
0 0.13733846153846152 0.3529953917050691 0.05315384615384615 0.11320276497695853
0 0.3632153846153846 0.3540552995391705 0.04338461538461538 0.08179723502304148
0 0.4408461538461539 0.36714285714285716 0.035 0.06608294930875576
0 0.7210769230769231 0.3672811059907834 0.043199999999999995 0.07188940092165899
0 0.5960769230769231 0.37232718894009215 0.03358461538461538 0.06179723502304148
0 0.24818461538461536 0.37762672811059905 0.04967692307692308 0.08702764976958526
2 0.9226923076923077 0.4268202764976959 0.1290923076923077 0.15668202764976957
2 0.43833846153846157 0.4436866359447005 0.08327692307692308 0.12313364055299539
2 0.7295692307692309 0.4640552995391705 0.1319846153846154 0.13317972350230414
2 0.5983076923076923 0.4652534562211981 0.09512307692307692 0.1297926267281106
2 0.34347692307692307 0.46576036866359444 0.0756923076923077 0.17882488479262673
2 0.2485846153846154 0.4907373271889401 0.1038 0.1673271889400922
2 0.12935384615384615 0.4993317972350231 0.1268923076923077 0.2033410138248848