0 0.31114285714285717 0.36972560975609753 0.046795918367346936 0.07128048780487804
0 0.8507142857142858 0.3748170731707317 0.06795918367346938 0.11445121951219511
0 0.7252857142857143 0.37670731707317073 0.04683673469387755 0.0852439024390244
0 0.0789795918367347 0.3786280487804878 0.03997959183673469 0.0814329268292683
0 0.49057142857142855 0.3817987804878049 0.029816326530612242 0.062378048780487805
0 0.21546938775510205 0.38307926829268296 0.04255102040816327 0.07
0 0.5760408163265306 0.3951524390243903 0.045979591836734696 0.07634146341463414
0 0.44932653061224487 0.39704268292682926 0.037469387755102036 0.07253048780487804
2 0.49610204081632653 0.45740853658536584 0.04757142857142857 0.09923780487804877
2 0.317530612244898 0.4764634146341463 0.0969795918367347 0.14753048780487804
2 0.2163265306122449 0.4783536585365854 0.09526530612244898 0.13609756097560977
2 0.08277551020408164 0.4850609756097561 0.09308163265306123 0.15079268292682926
2 0.5790204081632654 0.504420731707317 0.09275510204081633 0.15009146341463414
2 0.7201836734693877 0.5101219512195122 0.1046734693877551 0.18692073170731707
2 0.45018367346938776 0.5209451219512196 0.08848979591836735 0.20091463414634148
2 0.8600612244897959 0.5209451219512196 0.1310408163265306 0.20344512195121953