0 0.51762 0.4774933333333333 0.045340000000000005 0.08730666666666667
0 0.6664800000000001 0.48416 0.04776 0.07192
0 0.4807 0.48674666666666666 0.04696 0.07912000000000001
1 0.59148 0.4898133333333334 0.06698 0.07090666666666666
0 0.37107999999999997 0.50416 0.04158 0.06269333333333334
1 0.27762 0.5113599999999999 0.03772 0.05450666666666667
0 0.19491999999999998 0.5154666666666667 0.04926 0.07706666666666666
2 0.5957 0.5816266666666667 0.0861 0.11709333333333333
2 0.473 0.5852266666666667 0.0685 0.15096
2 0.6849400000000001 0.58728 0.08918000000000001 0.14685333333333334
2 0.52108 0.5939466666666666 0.07226 0.14992
2 0.27838 0.59496 0.07156 0.11096
2 0.37686000000000003 0.6026666666666667 0.0808 0.13453333333333334
2 0.19491999999999998 0.6165066666666666 0.0831 0.12736