1 0.69602 0.42624 0.06566 0.10202666666666667
1 0.78066 0.4395733333333333 0.0835 0.11917333333333333
1 0.58316 0.44576 0.04424 0.0744
1 0.53852 0.44624 0.04218 0.06391999999999999
1 0.65066 0.44909333333333334 0.046479999999999994 0.08488
1 0.3385 0.45624000000000003 0.04646 0.08010666666666666
1 0.42813999999999997 0.4733866666666667 0.03576 0.043919999999999994
2 0.42636 0.5314933333333334 0.07362 0.08013333333333333
2 0.51352 0.5348266666666667 0.07648 0.11349333333333333
2 0.57602 0.5519733333333333 0.10138 0.14778666666666668
2 0.32727999999999996 0.5565333333333333 0.11268 0.15056
2 0.72208 0.5572266666666666 0.09065999999999999 0.20208
2 0.6560199999999999 0.5677066666666666 0.07709999999999999 0.17349333333333333
2 0.82174 0.6148533333333334 0.14994 0.26781333333333335