1 0.07050100200400801 0.322639751552795 0.07106212424849699 0.1370807453416149
1 0.960501002004008 0.367111801242236 0.04362725450901803 0.08484472049689441
2 0.7808817635270542 0.4604968944099379 0.12741482965931863 0.28891304347826086
2 0.5551302605210421 0.4641304347826087 0.14036072144288578 0.28158385093167704
2 0.3606412825651303 0.4680745341614907 0.1466132264529058 0.3234782608695652
2 0.896993987975952 0.47145962732919255 0.1425450901803607 0.3583229813664596
1 0.14655310621242484 0.4758074534161491 0.022805611222444892 0.04251552795031056
2 0.9706012024048096 0.4960248447204969 0.05374749498997996 0.2191304347826087
2 0.2657114228456914 0.4988509316770186 0.09200400801603206 0.28524844720496895
2 0.1450300601202405 0.532639751552795 0.03917835671342686 0.09341614906832298
2 0.06825651302605211 0.5399689440993789 0.1308817635270541 0.29440993788819875
1 0.8685170340681363 0.22329192546583854 0.07775551102204409 0.13993788819875777
1 0.3720240480961924 0.2358074534161491 0.08741482965931863 0.14409937888198757
1 0.7687374749498999 0.25767080745341614 0.07022044088176353 0.13422360248447204
1 0.5555911823647295 0.2704037267080745 0.08659318637274549 0.15680124223602485
1 0.30324649298597195 0.2986335403726708 0.06470941883767535 0.12577639751552794