0 0.0844923076923077 0.2348498845265589 0.11413846153846154 0.16963048498845265
1 0.5216923076923077 0.2512471131639723 0.08084615384615385 0.10988452655889146
1 0.8011846153846154 0.25508083140877597 0.06292307692307691 0.11757505773672054
1 0.33706153846153847 0.2627944572748268 0.0678923076923077 0.12528868360277137
1 0.9528153846153847 0.284919168591224 0.09436923076923077 0.13491916859122402
2 0.6607846153846154 0.3907621247113164 0.1306923076923077 0.246189376443418
2 0.5178307692307692 0.42251732101616624 0.12941538461538463 0.28274826789838337
2 0.3466769230769231 0.45812933025404157 0.1384 0.2731177829099307
2 0.8268153846153845 0.4590993071593533 0.15503076923076922 0.3096766743648961
2 0.07781538461538462 0.5254965357967667 0.15561538461538463 0.44247113163972285
2 0.22423076923076923 0.5274133949191686 0.18072307692307693 0.5387066974595843
2 0.9329384615384615 0.5399307159353348 0.13412307692307693 0.4136027713625866
0 0.22550769230769233 0.18773672055427254 0.12687692307692308 0.22533487297921476
0 0.6575846153846154 0.21083140877598153 0.06804615384615384 0.12526558891454967