0 0.21785714285714286 0.31841772151898734 0.13449999999999998 0.3204113924050633
0 0.8008571428571429 0.41060126582278483 0.14276785714285714 0.30740506329113926
0 0.9169464285714286 0.47107594936708863 0.11230357142857143 0.21246835443037976
0 0.4831071428571429 0.4822468354430379 0.11246428571428571 0.2199367088607595
0 0.017535714285714286 0.4925 0.03507142857142857 0.13987341772151898
0 0.3218571428571429 0.5055379746835443 0.10080357142857144 0.21063291139240506
2 0.14905357142857142 0.6917405063291139 0.2405892857142857 0.605379746835443
2 0.8098035714285714 0.7727215189873418 0.26375 0.45458860759493674
2 0.9445357142857144 0.7829430379746836 0.11094642857142857 0.4341139240506329
2 0.3255357142857143 0.7941455696202532 0.1501785714285714 0.37829113924050634
2 0.47626785714285713 0.7987658227848101 0.23525000000000001 0.40246835443037976