1 0.7365454545454546 0.3561893203883495 0.03758181818181818 0.05533980582524272
1 0.42574545454545454 0.3624029126213592 0.029163636363636364 0.048519417475728153
1 0.36972727272727274 0.40839805825242714 0.018600000000000002 0.02987864077669903
2 0.42723636363636364 0.4363592233009709 0.07270909090909092 0.10618932038834951
2 0.36887272727272724 0.45864077669902914 0.0482 0.07728155339805826
2 0.7365454545454546 0.4623300970873786 0.07234545454545455 0.1603883495145631
1 0.024963636363636365 0.5111650485436893 0.04992727272727273 0.06055825242718446
1 0.16950909090909091 0.5111893203883495 0.03774545454545455 0.060825242718446595
2 0.16807272727272726 0.5853155339805826 0.08885454545454545 0.12118932038834951
2 0.03807272727272727 0.6183495145631068 0.07614545454545454 0.17106796116504855
1 0.5072909090909091 0.7137864077669902 0.000054545454545454546 0.001140776699029126