1 0.4888434163701068 0.4406933333333333 0.05343416370106762 0.11288
1 0.8528291814946619 0.4461333333333334 0.06154804270462634 0.11408
1 0.682153024911032 0.4516 0.06302491103202847 0.12744
1 0.3493238434163701 0.4564533333333333 0.0687900355871886 0.12986666666666669
1 0.1891814946619217 0.46917333333333333 0.07685053380782918 0.12136
1 0.6316014234875444 0.47584 0.04615658362989324 0.09834666666666668
2 0.49128113879003565 0.5825333333333333 0.12622775800711744 0.19536
2 0.8811387900355871 0.6031466666666667 0.19419928825622776 0.23658666666666667
2 0.6914590747330961 0.608 0.16587188612099643 0.24872
2 0.3250533807829182 0.6177066666666666 0.12540925266903916 0.26325333333333334
2 0.15238434163701067 0.6443733333333332 0.15692170818505338 0.2511466666666667