2 0.6953846153846154 0.4080967741935484 0.14585607940446652 0.2620967741935484
2 0.8399007444168735 0.41467741935483876 0.16044665012406947 0.27496774193548384
2 0.5370223325062035 0.4166451612903226 0.1737965260545906 0.24503225806451612
2 0.3268238213399504 0.42229032258064514 0.15612903225806452 0.24080645161290323
2 0.16042183622828785 0.4470322580645162 0.1941935483870968 0.2791612903225807
1 0.8311910669975187 0.23080645161290322 0.06784119106699751 0.10180645161290322
1 0.6846898263027296 0.2419677419354839 0.06687344913151365 0.1067741935483871
1 0.5305459057071961 0.25067741935483867 0.062084367245657565 0.09935483870967741
1 0.1583374689826303 0.2655483870967742 0.07161290322580645 0.12167741935483871
1 0.3363275434243176 0.27299999999999996 0.066848635235732 0.1117741935483871
1 0.4957071960297767 0.2767096774193548 0.0458560794044665 0.06461290322580646