1 0.60425 0.3664561403508772 0.046224999999999995 0.06357894736842105
1 0.5355 0.3954736842105263 0.033725 0.06761403508771929
2 0.6571250000000001 0.4544210526315789 0.12905 0.196
2 0.58475 0.468280701754386 0.07377500000000001 0.1683157894736842
2 0.8104250000000001 0.4691578947368421 0.17227499999999998 0.22880701754385963
2 0.92425 0.4719649122807017 0.10515000000000001 0.1756842105263158
2 0.5295000000000001 0.48396491228070176 0.07377500000000001 0.1369122807017544
2 0.38409999999999994 0.48487719298245613 0.1514 0.2015438596491228
1 0.808575 0.31249122807017543 0.062575 0.10943859649122807
1 0.648 0.3252982456140351 0.054875 0.08378947368421052
1 0.38737499999999997 0.33803508771929824 0.079025 0.12578947368421053
1 0.909075 0.34957894736842104 0.04625 0.0703157894736842