1 0.28194326241134754 0.2873985680190931 0.0655177304964539 0.12317422434367542
1 0.753872340425532 0.30575178997613367 0.049191489361702125 0.10482100238663485
1 0.4276170212765958 0.3103579952267303 0.07316312056737588 0.14706443914081144
1 0.591290780141844 0.3314558472553699 0.033900709219858154 0.06443914081145585
1 0.10899290780141845 0.3608591885441527 0.07313475177304965 0.14157517899761338
2 0.5989219858156029 0.44899761336515515 0.09282269503546099 0.19668257756563245
2 0.30268085106382975 0.49766109785202867 0.17463829787234042 0.34176610978520283
2 0.7576879432624113 0.49766109785202867 0.1179290780141844 0.3233890214797136
2 0.887531914893617 0.5177804295942721 0.2137730496453901 0.4992124105011933
2 0.458709219858156 0.5298090692124106 0.19198581560283687 0.37665871121718375
2 0.1297304964539007 0.5729594272076373 0.16697872340425532 0.35644391408114556
1 0.8760851063829787 0.21212410501193316 0.09720567375886525 0.181909307875895