0 0.45278703703703704 0.4761559888579387 0.04971296296296296 0.09385793871866295
0 0.2537037037037037 0.502116991643454 0.08084259259259259 0.13818941504178273
0 0.32610185185185186 0.5116155988857939 0.03875925925925926 0.0964066852367688
0 0.652287037037037 0.5122423398328692 0.039629629629629626 0.0672841225626741
0 0.5394907407407408 0.523008356545961 0.04803703703703704 0.08628133704735376
0 0.5988333333333333 0.5293454038997214 0.06391666666666666 0.10147632311977715
0 0.3622962962962963 0.5299721448467967 0.060648148148148145 0.1078133704735376
3 0.6569166666666667 0.6078272980501394 0.07233333333333333 0.1466991643454039
3 0.4464722222222222 0.6198607242339833 0.09928703703703703 0.21128133704735375
3 0.5403333333333333 0.6642200557103064 0.07497222222222222 0.19396935933147633
3 0.5849537037037037 0.6888718662952646 0.08338888888888889 0.24798050139275768
3 0.3614537037037037 0.7021727019498608 0.11781481481481482 0.24924791086350975
3 0.23855555555555555 0.7022144846796657 0.12798148148148147 0.30034818941504177