1 0.4026625 0.20521575984990617 0.04535 0.07969981238273921
1 0.851125 0.20641651031894934 0.0485125 0.09386491557223264
1 0.66595 0.2128517823639775 0.04693749999999999 0.08801125703564727
1 0.2421125 0.2275234521575985 0.041425000000000003 0.08919324577861162
1 0.54525 0.22868667917448404 0.046150000000000004 0.09153846153846154
1 0.145625 0.23103189493433396 0.045325 0.09388367729831144
1 0.6053999999999999 0.2322138836772983 0.039900000000000005 0.08919324577861162
1 0.5745375 0.24159474671669795 0.023387500000000002 0.04697936210131332
1 0.4593 0.2533208255159475 0.0305125 0.05636022514071294
2 0.4100875 0.31898686679174487 0.1086375 0.16410881801125704
2 0.60345 0.32193245778611634 0.0735 0.13964352720450282
2 0.25695 0.32307692307692304 0.1038875 0.15589118198874297
2 0.6671250000000001 0.3248405253283302 0.1116625 0.17114446529080676
2 0.8523000000000001 0.32894934333958725 0.1227375 0.17699812382739213
2 0.46555 0.3336397748592871 0.058550000000000005 0.1277485928705441
2 0.1507 0.34125703564727955 0.113275 0.1523639774859287
2 0.5362625 0.35005628517823645 0.10307499999999999 0.1699624765478424