0 0.131767578125 0.3918576388888889 0.0729296875 0.1517534722222222
0 0.032900390625 0.3976388888888889 0.06580078125 0.19803819444444443
0 0.316015625 0.40515625 0.045595703125 0.11586805555555554
0 0.469990234375 0.4196354166666667 0.0410546875 0.09619791666666666
0 0.668896484375 0.4213715277777778 0.0378125 0.10197916666666668
0 0.524033203125 0.42770833333333336 0.035771484375 0.0843923611111111
0 0.197841796875 0.44680555555555557 0.061845703125 0.1156423611111111
0 0.70275390625 0.44680555555555557 0.057236328125 0.09942708333333333
0 0.585556640625 0.45262152777777775 0.04041015625 0.0881076388888889
0 0.846962890625 0.47923611111111114 0.064521484375 0.10663194444444445
2 0.6526171875 0.5504513888888889 0.045625 0.18421875
2 0.3088671875 0.5548958333333334 0.096806640625 0.20069444444444443
2 0.45892578125 0.5597048611111111 0.0879296875 0.20274305555555555
2 0.530537109375 0.5626041666666667 0.0683203125 0.19001736111111112
2 0.595 0.5695486111111111 0.093056640625 0.18307291666666667
2 0.695947265625 0.5966840277777777 0.07716796875 0.23024305555555558
2 0.11576171875 0.5967361111111111 0.110107421875 0.3254166666666667
2 0.192109375 0.6187847222222222 0.071005859375 0.2554861111111111
2 0.84955078125 0.6432986111111112 0.0986328125 0.2259722222222222
2 0.036123046875 0.6692881944444444 0.07224609375 0.36597222222222225