1 0.8909912109375 0.24425130208333334 0.1335986328125 0.1977018229166667
1 0.52720703125 0.25507161458333333 0.109150390625 0.1973307291666667
1 0.702177734375 0.2561848958333333 0.0977734375 0.16080729166666666
1 0.23259765625 0.2626953125 0.1091259765625 0.18251302083333332
0 0.35466796875 0.29958984375000003 0.0731640625 0.13477213541666666
1 0.292001953125 0.30825520833333336 0.0422412109375 0.12568359375000002
1 0.8014697265625 0.31152994791666666 0.0652294921875 0.09787760416666667
1 0.0344921875 0.31909505208333333 0.068984375 0.22118489583333334
2 0.3798974609375 0.46998697916666665 0.097578125 0.2715755208333333
2 0.5377783203125 0.5458919270833333 0.2863720703125 0.45768880208333335
2 0.74205078125 0.5458919270833333 0.209853515625 0.4533463541666667
2 0.895068359375 0.5503190104166666 0.2098681640625 0.4495768229166666
2 0.2220068359375 0.5665169270833333 0.279892578125 0.4424869791666666
2 0.0597216796875 0.5969075520833333 0.1194384765625 0.3947265625