0 0.06094 0.3796666666666667 0.06214 0.10512121212121212
1 0.73414 0.39003030303030306 0.052719999999999996 0.09075757575757576
1 0.85466 0.39081818181818184 0.058 0.09872727272727272
1 0.40728 0.3963939393939394 0.04322 0.08118181818181817
0 0.3178 0.4035757575757576 0.055740000000000005 0.09554545454545454
1 0.19358 0.4091818181818182 0.04944 0.08436363636363636
1 0.5862200000000001 0.46021212121212124 0.05586 0.09393939393939393
2 0.408 0.5285151515151515 0.09244 0.21190909090909094
2 0.18424000000000001 0.5360909090909091 0.13746 0.19675757575757577
2 0.05212 0.537969696969697 0.10422 0.23842424242424246
2 0.31426 0.5379999999999999 0.10244 0.20054545454545455
2 0.74614 0.5465151515151515 0.12115999999999999 0.2365151515151515
2 0.86552 0.555969696969697 0.1199 0.2403030303030303
2 0.58426 0.573030303030303 0.11242 0.16833333333333333