1 0.6503153153153154 0.26372 0.05996996996996996 0.10562
1 0.2599099099099099 0.26918000000000003 0.057387387387387384 0.10926000000000001
1 0.8637687687687687 0.28254 0.04701201201201201 0.08259999999999999
1 0.4503303303303304 0.2837 0.05603603603603604 0.10168
0 0.7661711711711712 0.29568 0.043243243243243246 0.06884
1 0.5404654654654655 0.30756 0.0328978978978979 0.0626
2 0.5507807807807807 0.37068 0.07783783783783785 0.08616
2 0.8670420420420422 0.38068 0.12285285285285284 0.13366
2 0.7642792792792793 0.38442000000000004 0.09564564564564565 0.12115999999999999
2 0.6685585585585585 0.38944 0.13896396396396396 0.16140000000000002
2 0.26174174174174175 0.40068 0.15112612612612614 0.17865999999999999
2 0.4677327327327327 0.4063 0.12581081081081083 0.1724