1 0.6874444444444444 0.29517857142857146 0.05491666666666666 0.09432539682539683
1 0.5666111111111111 0.29716269841269843 0.05213888888888889 0.08837301587301587
1 0.223 0.3088293650793651 0.06340277777777778 0.1216468253968254
1 0.39715277777777774 0.31105158730158733 0.03127777777777778 0.07051587301587302
1 0.3377777777777778 0.3120436507936508 0.05280555555555556 0.08638888888888889
1 0.4259722222222222 0.32789682539682535 0.04726388888888889 0.09238095238095238
1 0.5096666666666666 0.34825396825396826 0.05351388888888889 0.09333333333333334
1 0.7631527777777778 0.36908730158730163 0.06465277777777777 0.10128968253968254
2 0.5593194444444444 0.43605158730158733 0.12079166666666666 0.21125
2 0.43743055555555554 0.4449801587301587 0.1103888888888889 0.1775
2 0.21729166666666666 0.44597222222222227 0.10345833333333333 0.21720238095238095
2 0.33499999999999996 0.446468253968254 0.11530555555555555 0.1903968253968254
2 0.6874444444444444 0.45692460317460315 0.10769444444444445 0.2590873015873016
2 0.7707777777777778 0.5084722222222222 0.10202777777777777 0.21916666666666665