0 0.348 0.3901127819548872 0.08994999999999999 0.18969924812030076
0 0.45362499999999994 0.42488721804511276 0.088675 0.16522556390977444
0 0.7342749999999999 0.42582706766917294 0.10490000000000001 0.21601503759398497
0 0.142375 0.4342857142857143 0.133725 0.21785714285714286
0 0.578025 0.4625187969924812 0.092425 0.17650375939849625
1 0.8936499999999999 0.46439849624060153 0.13865 0.21830827067669173
2 0.45799999999999996 0.6223308270676692 0.12242499999999999 0.26721804511278197
2 0.5705250000000001 0.6712406015037594 0.15992499999999998 0.3386842105263158
2 0.339275 0.6721804511278195 0.185075 0.3744360902255639
2 0.7217749999999999 0.6862781954887218 0.229925 0.368796992481203
2 0.9003 0.7426691729323309 0.199425 0.42142857142857143
2 0.124025 0.7518796992481203 0.248025 0.49624060150375937